1,857,3,05-Jan,7
2,1149,10,20-Jan,11
3,388,9,05-Feb,2
4,230,4,03-Mar,14
5,1254,6,19-Nov,10
6,1500,4,12-May,4
7,1687,7,03-Mar,6
8,1408,2,18-Aug,2
9,1138,3,02-Mar,4
10,235,5,04-Apr,7
11,4,10,07-Jul,12
12,1981,8,15-Jan,5
13,500,9,06-Nov,4
14,332,9,03-Apr,7
15,1512,5,12-Oct,14
16,660,4,08-Jul,6
17,738,4,09-Aug,7
18,1211,1,12-Nov,3
19,1089,1,15-Sep,4
20,1294,2,03-Feb,14
21,1087,3,10-Apr,14
22,722,3,01-Feb,2
23,566,6,13-Apr,21
24,272,4,02-Nov,3
25,1422,5,21-Dec,4
26,1636,7,12-Aug,9
27,836,8,06-Jun,10
28,486,2,06-May,4
29,1636,2,09-Oct,3
30,840,3,28-Sep,7
31,6,8,12-Sep,5
32,1213,3,16-Jan,3
33,1137,1,03-Jan,4
34,599,1,03-Dec,8
35,310,1,06-Jun,2